-2.300727491981315254e+01
-5.143256299089568273e+01
-2.081642197685323481e+01
1.549718255299807979e+01
3.774665941099959809e+01
1.514676140494181666e+01
7.736760198314134129e+01
-4.504572301667457879e+01
-1.219262140390646287e+01
-4.342514608591788772e+01
-2.769231504081882278e+01
-5.561220529420592840e+01
-2.862704231758026552e+01
-7.357523471841075491e+01
5.786010108102143334e+01
-4.513804799775687115e+01
4.261531358067276187e+01
1.610371046836700071e+00
-1.981102992221661196e+01
3.868551800185851164e+01
-4.966369083201571044e+01
5.055703776218912537e+01
2.521198567726087858e-01
3.374217399743174362e+00
3.511137803588503203e+01
-1.272124844153292429e+02
-2.268134825213564021e+00
4.384046418279749702e+01
7.780272527083016421e+00
2.444843491991381867e+01
2.954772037216160641e+01
-7.315999277152359070e+01
4.091120730548307449e+01
-7.504859493462262776e+01
-2.071796514691255808e+00
4.589806792004994662e+01
7.198356128709613699e+01
-1.066362646756905974e+01
5.635407912228114213e+01
5.161459567748440946e+01
5.938562396966665347e+01
4.355963175924778596e+01
1.360934751874438007e+02
3.685251406321054191e+01
3.542242732476159972e+01
-7.092006221705094049e+01
4.862910205025603716e+01
-2.884888008313457419e+01
9.601463207664107813e+01
-3.530704763386385281e+01
9.504574028964626109e+01
-2.501913702813734020e+01
5.720169826744624686e+01
3.257540693844469359e+01
3.303457626887495024e+01
5.559613226985910650e+00
-4.487594322074226483e+01
4.452059970702346448e+01
7.023362783094387396e+01
-7.703087108594890253e+01
-4.117329496134671984e+01
5.798000622255678138e+01
4.906179261281305770e+01
-4.367818518857464483e+01
-7.867830411043875927e+01
-3.679720208752212329e+01
-1.663387994303244000e+01
-2.714670493935782858e+01
-4.180072169349701738e+01
-6.520288016893554861e+00
-4.869590327965603649e+00
-1.198790165672502006e+01
-5.455727964057881252e+01
1.605730831201350384e+01
-3.048765184969879982e+01
1.412744849455622465e+01
5.756556564853081426e+00
2.911063822745716578e+01
-8.218932890810792813e+00
-6.683533621326685648e+01
-6.709589221947183546e+01
-3.045271828931091918e+01
2.189327098397908955e+01
-9.145162866800269352e-01
-8.451758458112217909e+01
9.812640878175960779e+01
3.785835313141330261e+00
6.442919553415195821e+01
5.382169497007094350e+01
3.357077303723327333e+01
1.775085149763408765e+01
-3.734984995444827405e+01
-3.364821480208413362e+01
6.539649259853105967e+00
7.299718366992729557e+01
9.846883789799146314e+01
-6.931240670318148034e+01
-1.593310718084328137e+01
-1.588268469790962101e+01
2.410030651788037659e+01
9.237291816476168549e+01
-3.923499163200786199e+01
-2.309169412627998952e+01
-3.628948844678892982e+01
-6.092886701645790737e+01
-5.282766440305904609e+01
-5.195264854561922618e+01
2.014430522871633045e+01
-6.320122262540095193e+01
6.849208703534051423e+00
-2.235429043246264413e+01
-5.320625384946642100e+01
-2.799096787588029045e+01
1.071011465142912300e+02
4.938862599770183692e+01
5.320153127616550393e+01
7.514520888352831207e+01
-2.047451205929489859e+01
3.618645973482230715e+01
-1.451009977477455859e+00
-4.290561475307641537e+00
1.936023375905610067e+01
-1.072179518438683976e+00
-5.234990573200166608e+01
6.302979599009572809e+01
5.578970159084008174e+01
-2.074497671252140663e+01
3.367128012487501110e+01
1.927354391608866280e+01
7.632868851184019832e+01
-3.229170492327187247e+01
-4.310518266088887174e+01
2.648516429220581614e+01
6.363879029125339315e+00
1.189142035835156577e+02
9.944610406181200801e+01
1.021376762898699866e+02
1.740816056328236527e+01
9.860172865712263146e+00
-5.598262088973917372e+01
3.823069191230934472e+00
-1.115641058765660460e+02
-1.046964419190772304e+02
1.726269062743207527e+01
1.104072091853479165e+01
-7.568460581784658814e+01
3.261699909511801820e+01
-2.158226589804832685e+01
-2.845861220004083947e+01
7.737640527900697407e+01
-3.680050720014075694e+01
-6.101612556712130697e+01
-6.518702878247957244e+00
1.780169203593838745e+01
-7.126862700661153838e+01
-3.336570696520527735e-01
1.230944814229601292e+01
-1.584004472774674266e+00
-1.352120077983495037e+02
-2.312443721048349943e+01
4.974265011790238589e+01
-4.586978568988587313e+01
-1.199804621201496957e+02
2.586713841577052975e+01
-5.887688990667952282e+01
1.902929938548061273e+01
4.300928488472709432e+01
2.539389995232544806e+01
-6.726230673898068346e+01
-5.293098232145041493e+00
-5.212291475544057562e+01
-3.595058893496803876e+01
-5.776081710552890769e+00
2.423343841106492746e+01
-1.107339910571285770e+02
-5.865751577194391331e+01
-2.980430798485947363e+01
6.264781418060906937e+00
6.069551448822311457e+00
-3.241688937502136980e+01
2.933386009546334350e+01
-6.088952437448168276e+00
3.356660698538770049e+01
3.631732049333742651e+01
-2.446213709343217246e+01
-3.550416485850660564e+01
-3.260491324390202550e+01
7.740596932988340484e+01
-4.292074416224541977e+01
4.996934805742867525e+00
1.026610853576543008e+02
6.562302642133187192e+01
-5.200771917200843575e+01
4.255410950827258620e-01
-3.099246541816345513e+01
6.693791356672408988e+00
7.411080778658735824e+01
-6.165248036603235704e+01
-5.111024830617554215e+01
7.114505741210859924e+01
-1.377950109507702470e+00
3.768265888572200595e+01
-1.410901586339968006e+01
-2.009506546198101873e+01
-7.585918828202457576e+01
5.066774562201990761e+01
1.650840938293597162e+02
2.161484927367282438e+01
-1.855834632150356001e+01
-3.231759048757263031e+01
-6.051044225486816686e+01
-2.357047041954020372e+01
-2.229071508219225617e+00
-7.294462092566976752e-01
-5.027249218476986670e+01
7.252212253416671217e+01
-7.786059660386932535e+01
2.169397095696260891e+01
-1.317631336297414357e+01
-4.580338058122585210e+01
5.458024121339529700e+01
5.247296185121525980e+01
-6.443382197191610317e+00
-4.214481979090899699e+01
-4.952591192252948815e+01
3.700897665736957975e+01
-1.013055527993887317e+01
2.203333662852648800e+01
-5.960872470874901907e+00
6.565031181429824869e+01
-4.612632032378686375e+01
1.750213577557178724e+01
3.565864619388612056e+01
-3.012424940627828107e+01
-4.825952014132523260e+01
-2.734869426566193251e+00
1.053097829120991946e+01
-7.803397338905242453e-01
-5.000902741755299985e+01
-4.529651404521609948e+01
5.061458470198743953e+01
8.542106659083273712e+01
-1.774659264319486951e+01
9.487218899052042076e+00
1.928387198915092782e+01
-3.781408138590428791e+01
1.097966501641046904e+02
8.665854497619174879e+01
-5.666733183582538658e+01
-7.234001099510477673e+01
1.699910464866690063e+01
2.269946024274172203e+01
1.221372416340254041e+01
3.536773972342142258e+01
5.061755554333645790e+01
-5.752863189860056536e+01
-5.576700357999555280e+01
-5.763794325045156342e+01
-3.328613081503920057e+01
-4.009846117956239198e+01
-2.838960729065714972e+01
-1.813439570802949774e+01
-2.985379940447707625e+01
-3.812457157040159217e+01
-1.250457368714346984e+01
-1.131969809378806247e+02
2.330015707672998815e+01
-4.905112551829422785e+01
4.218478994778521951e+01
-2.495216752656152615e+00
-4.504953901725219367e+01
7.580283452043289572e+01
-9.492523750986096331e+01
1.764042261084538410e+01
7.159243513306913087e+01
-1.973847944884492733e+01
-6.110994502735243117e+01
9.660996875689734509e+01
1.330251620241585364e+01
3.791345454183278729e+00
1.483222272595537206e+01
-1.922780142169968443e+01
-1.397756668842563954e+02
5.115413320729275171e+01
9.355558219340419157e+01
-6.585220201327763334e+01
1.240042765441778982e+01
-4.275560964798839336e+01
-7.163789112981292817e+01
6.634010511639345076e+00
1.670449219401739294e+00
1.810976857093292836e+01
5.151479211055293206e+01
8.705362703843833572e+01
1.450189135603751822e+01
-5.267388343038723519e+01
3.026138310754349448e+01
-6.233437353215175136e+01
-5.436043838463174893e+01
1.414569789202741212e+01
-1.801222392962557706e+01
-3.632225500242060434e+01
3.421851707535154929e+01
-1.920048689028467237e+01
-1.015230469874936148e+01
4.968503562501510373e+01
1.446699473670310887e+01
-4.145997519106683882e+01
7.523625863078104103e+00
4.608430206964779785e+00
1.642702582489218344e+01
-2.658846369334151305e-01
-3.542096606416711779e+01
1.882675022351729766e+01
2.062688615217987120e+01
-4.258515653491600972e+01
-1.482636361410633086e+01
-4.892890256445485697e+00
-4.317072654182723568e+01
7.031761819915729461e+01
-5.257737756155251674e+01
-7.857599229760873527e+01
1.341985840062507584e+01
-1.351327777563924926e+01
6.646521271565700317e+01
-3.702734494817630662e+01
-1.247185763184571883e+01
-8.509926808318118674e+01
-1.015678503462518201e+01
-1.209897947762342607e+00
-7.215837361155926999e+01
1.426724629435354075e+02
8.404015022107715538e+01
-3.562750345507964056e+01
-3.662248930936211622e+01
1.459842815004160066e+01
1.246875413737066083e+02
3.357725782478801602e+00
-1.482628691477191829e+01
5.274221151432865184e+01
7.488121345042511479e+00
-5.257462595994141452e+01
6.086596805170330526e+00
-7.393986781169821221e+00
-2.836809308465917390e+00
2.118286962422522279e+01
8.832677701567344997e+00
1.142532431451347641e+01
4.018895718539002360e+01
-2.377085560838704126e+01
4.876870023498072015e+01
-7.107819728835616502e+01
2.104307510182117014e+01
2.238805495966083470e+01
5.013083752542403460e+01
1.152251408455886583e+01
-4.808679994923779333e+01
1.109480073139952054e+02
5.198786508854445998e+01
7.430075382591307687e+01
-8.358560203542781508e+00
8.072443422282518100e+01
5.475557877494945558e+01
1.999934781999326816e+01
3.657425880361175530e+01
4.592897327924242035e+01
-4.613143166954883156e+01
2.110200828851199972e+01
-1.219108544752023136e+02
-3.551620313425026154e+01
8.074923800625418480e+00
-6.662105717431175833e+01
-7.447124932275771414e+01
9.041747307628091335e+01
3.563450235042175507e+01
-2.698549370355372901e+00
-2.890289680322097965e+01
9.121404719436569053e+01
6.011982535335155120e+01
-3.494589552519286713e+01
4.609121047818756978e+01
-7.228216108351541713e+00
-1.614953053799477800e+01
-1.930366896326145465e+01
-6.368831748876518617e+01
4.830171342724366212e+01
-4.874745245813720373e+01
-1.436451222778585191e+01
3.502803507133754124e+01
-8.887348677288115084e+01
-3.989404385272152354e+01
1.544942781469130466e+01
-3.132242708572076495e+01
1.348503261180848654e+02
-1.314111658897627137e+02
4.380733704063000289e+01
4.245614839728523826e+00
1.156220106526276403e+01
3.237022642734023492e+01
-8.996993525386747592e+01
-3.802744530564395120e+01
3.397660569199683067e+01
4.239422750072348123e+01
-1.869814771500265493e+01
7.203674078583742357e+01
5.255946933185457226e+01
5.765136951299663082e+01
7.913694403755344808e+01
2.461526342232778575e+01
3.296611286481528680e+01
3.234968407802344359e+01
-4.965157132244284810e+01
-8.740817881433777359e+01
7.836845447223376482e+01
-4.490467799138701821e+01
-1.720751558636111511e+01
6.207538102502042676e+01
-6.610330410102935161e+01
4.000031100326775402e+01
-9.457984662857690239e+00
-2.406180762010433227e+01
5.570389264702389909e+01
4.758483248127186016e+01
-7.525380983353545439e+00
8.824306805004906096e+01
9.003495055401251079e+01
1.572116526891301547e+00
2.927753092710847937e+01
2.236658213008059448e+01
1.511614765380830683e+01
-2.834364972584625875e+01
-6.656740737313764100e+01
-4.203878406340452756e+01
3.063028295808212675e+01
2.787550964936827569e+01
-1.086489657238691109e+01
6.296753919656489984e+01
-4.771168734419155300e+01
-3.431561391868505950e+01
-2.335537891496548824e+01
3.185131366047651014e+01
-1.529834666413104856e+02
-5.184415905347049858e+01
-1.354552368078523550e+01
7.490557080440365212e+01
-2.346432437552356021e+01
-5.712235139087184876e+01
4.797899681961258267e+01
7.204388568702646012e+01
4.927825387115880318e+01
-1.185205569918214685e+01
2.174272373222664712e+01
8.920364944937294638e+01
-1.461843512582958127e+01
-1.212306001835245581e+02
-7.648698959743704506e+01
-1.937373750646767334e+01
-3.649896610162631561e+01
-1.114183936345857688e+02
-1.233737548537283857e+02
1.198184862802452066e+00
9.864365797604582653e+00
-1.057674200147166204e+02
4.584343776950410643e+01
3.446276060696275323e+01
-3.104588240658230802e+00
1.058301598000293495e+02
-2.736198591733121788e+01
4.652131945969544269e+00
-2.105459834872335279e+01
2.440081519438053803e+01
-4.142289620163757746e+01
-9.664795209485626515e+01
2.524172871735578916e+00
9.948863055248178711e+00
8.235233001853220003e+01
-2.125806836041504866e+01
-4.772104837638229213e+01
-1.184965827726099086e+01
-8.173023952309696938e+01
-1.725913053566016231e+01
6.559964968834272270e+00
-3.706518625903422404e+00
-3.766657185190604196e+01
-4.039736652103989201e+01
-5.374714021603006131e+01
-9.762667367815618391e+00
2.868132287779759793e+01
-4.093012828106333245e+01
-3.115253336275987195e+01
-1.154859355374062879e+01
-5.453898886123510437e+01
-2.341346846475683563e+01
4.592237843412759446e+01
-3.643859622626978734e+01
-5.917881738516918944e+01
6.246316546460462860e+01
-2.937972229257647783e+01
-4.985235105282312418e+01
-9.185084022326196873e+01
2.194585568815339371e+01
-6.338487078205394809e+00
-3.821320928633117120e+01
-2.532814978429186326e+01
7.446539758125155117e+01
-8.465844889988935051e+01
1.356956172449811220e+02
1.800319424775278065e+01
4.838031997351880875e+01
-3.010149075728723922e+00
1.036846411849484895e+02
-2.046784110899788622e+00
2.447186623750600276e+01
-6.611817179950233481e+01
-1.081875335642877367e+01
-8.831206717987308252e+01
-1.163530713666538574e+01
6.829151089573533007e+00
-9.419745896712750977e+00
2.249204503720440584e+01
-6.303127841347178162e+01
8.520641795151506415e+01
7.870049261685817044e+01
5.801199491526518415e+01
3.122087457288320422e+01
1.414472068885497258e+01
-5.740233239733576198e+01
-3.858438088917032616e+01
3.280744860347705583e+01
7.752179505715233176e+00
7.766709151053212246e+00
-1.529781761452076161e+01
5.874783574904209615e+01
-5.545679715928024933e+01
-2.966088518816713560e+01
-1.546490808696897012e+01
4.479334355896188669e+01
2.073917677673829374e+01
-4.154866379336056070e+01
-1.446716478998522959e+01
3.214537570290205082e+01
1.824584090905590017e+01
2.986910972327708080e+01
3.768969559490285803e+01
6.450001010360986697e+01
-2.158624550604166803e+00
-6.279071850867038762e+01
1.928168173509441985e+01
-1.155331263092459260e+00
-6.077609667566942875e+00
-1.823750034804405118e+01
-6.783311234487425168e+01
2.188533034376358088e+01
1.570721472508179417e+01
-3.752814253376762110e+00
-6.357649099494793177e+01
-2.808773913971186431e+01
6.589464366074855306e+00
7.067693243410698756e+01
3.435829089103123124e+01
7.324674538367436583e+01
3.547683686831518912e+01
4.684045396208452416e+01
-2.302850030499165612e+01
1.754116014060003437e+01
-7.799223641493319370e+00
3.299431840541408700e+00
2.070640958922053798e+01
1.054842883217658169e+02
-2.542021022253256746e+01
-5.457556228582340019e+00
-6.057691066821028869e+00
-1.555413963207425354e+01
6.460408163254284375e+01
-2.736676063487198363e+01
7.593043009691233358e+00
-7.839263600599961634e+00
3.268993469235106630e+01
-4.907873891045407788e+01
-3.509480441163596254e+01
-6.850349254948797295e+01
-7.064720743481120557e+00
-6.159456432279415594e+01
-4.667108790294698650e+01
-5.673426025882103119e+01
5.395165962560205486e+01
1.113161126657536357e+02
-5.143975483558024564e+01
1.123229302052122307e+02
6.921466128687036701e+00
8.601585134279673639e+00
-8.528669359098899339e-01
7.239032300256765495e+01
5.207015768038177583e+01
2.026021100217500859e+01
-1.390181749124995925e+01
-3.772289211991225466e-01
-5.287722149906137759e+01
-3.531309248624981478e+01
2.199822096471154964e+01
3.138228311485479693e+01
1.520800918906785881e+01
-2.323795287750327532e+01
-5.232984265496411069e+01
-1.122748432586173806e+02
-2.965110080361601419e+01
4.680324232483925329e+01
3.128727429872105148e+01
2.517880294781686246e+01
5.452296146569754853e+01
1.050388000468953891e+02
-5.534525274523275584e+01
-2.474455611136992417e+01
5.237812318814065549e+01
2.905749886899564416e+01
6.001358628356668845e+01
4.900098690754350628e+01
-9.536049623181618529e+00
-6.319411004385737662e+00
-4.697091533793404494e+01
-1.087063384206489047e+01
-3.396037557252238770e+01
1.159983547985350416e+00
8.892482185195234479e+01
6.025212054507386483e+01
3.961469654172754673e+01
1.280361744236546961e+01
1.582630198664096710e+01
-9.788510159420266632e+01
-1.997232669254753290e+01
-5.288580349992039231e+01
6.295596352020577058e+01
-1.352112169081981818e+01
2.637008226059027649e+01
-1.009089347342821270e+02
7.625260561559669270e+01
-4.437739057376942498e+01
8.123638453941298110e+01
-2.099163503810495612e+01
-2.693003228053835407e+00
-8.687756215136820970e+01
-6.727816054006299851e+01
-9.318256859631350153e+01
-2.338122439101834615e+01
1.342526505362781641e+01
-2.194391869872136169e+01
-1.666919998732395314e+01
-3.949433373672977421e+00
-4.846465306776228665e+00
-6.777785256777080747e+01
-1.383770572207107818e+01
-5.350599209888085284e+01
4.093875125683254623e+01
-4.089633013075832935e+01
-4.582307893281999611e+01
2.640039117543636493e+01
6.425576814293954442e+01
5.096425805638812534e+01
4.297343767859434394e+01
5.336291287944923134e+00
5.469448720314009904e+01
5.821730665900797241e+00
-2.962009725968826146e+01
-1.955287712716307524e+01
7.446747133853719447e+01
-2.789732736238552135e+01
3.598211125338739436e+01
-1.856301027984338958e+01
5.211298913091648899e+01
-9.123156984789395096e+01
-4.115341321416758547e+01
4.600620290978334026e+01
5.832176797895525056e+01
-3.971996576442732163e+01
-2.623039791497724948e+01
-7.513688425352485467e+01
1.104018096026647022e+01
2.331695703698925470e+01
9.308948516340329604e+00
-3.569620562060150348e+01
-3.648477083156704737e+01
-8.984079026691254910e+01
-1.283750556193083980e+01
-6.522764758986490996e+00
-4.486560048562330394e+01
-7.491447885560610587e+01
-2.882329120452247651e+01
-2.896134385073900219e+01
-4.581897137983109047e+01
-8.290830825731261200e+01
-3.223716049486741042e+01
-1.988581796614615982e+01
1.548418465891354323e+01
3.911281887748291552e+01
-8.923562858692704935e+01
-4.501996224914093681e+00
-9.858012238162809027e+00
9.464630752823758542e+00
-1.048375121207287179e+02
-8.966642114358796789e+01
-7.810332428304972430e-01
1.880780617749672479e-01
1.958229685699190981e+00
3.272145783437072630e+00
-2.331338482935269951e+01
1.796439228420683420e+01
-9.938335134975901042e+00
-1.085348451689135345e+02
2.400346577975748019e+01
3.629851658558710881e+01
3.704965840045063885e+01
4.135653769856248374e+01
-4.620408956611090900e+01
-4.186913269329389209e+01
4.132188032853613180e+01
-1.405011310491350862e+01
9.286568370669048278e+00
2.518587723241057574e+01
-4.056683525627622089e+01
-2.401739096958820951e+01
1.872644036086827057e+01
1.973946171141875539e+01
1.386428237402710728e+01
-6.234813898515135833e+01
3.394307245529044081e+01
-2.213307716231703992e+01
-7.863052710192533823e+01
-1.675070811135648441e+01
2.124594962917765884e+01
-7.406258176615774236e-01
1.431577804389304163e+02
9.038823578882979604e+00
6.799908848789845806e+00
-5.211664841025483952e+01
2.105015053400066094e+01
2.329143366885697475e+01
-3.755145671299924715e+01
-1.247839373948861130e+01
4.021020922406080444e+00
6.684292528587741700e+00
1.014907263806299653e+02
9.448627796820390756e+01
1.602153009485348178e+01
-2.436769846314473043e+01
4.715736792950931289e+01
-1.363337392368452505e+01
1.106520448108629573e+01
1.559201424727987906e+01
-7.621956466232222738e+01
2.766437514628029604e+01
-3.547019302127084472e+01
-5.193390638650552660e+01
7.494863404957257558e+01
-4.881098354587712684e+00
-4.400382825559883315e+01
3.109478312620591378e+00
7.584224729146082211e+01
-2.387007848037458047e+01
3.623855731724718421e+00
1.871783480640253927e+01
4.828808650154176974e+01
1.174835656457869248e+01
-2.128982478644801901e+01
-1.792947298060783901e+00
4.415757400230049967e+01
-3.498854614408491415e+01
-1.940187010004446222e+01
-3.802932756156750749e+00
6.237603507379798629e+01
-5.136261235774966138e+01
1.358503657545423664e+02
2.107024157831877531e+01
7.719424760762653648e+01
9.082172847872369559e+00
-7.427602724020249525e+01
4.557978753185155796e+01
-1.565529138099521411e+01
7.175393110104928951e+01
7.585019602513150971e+01
-3.962503338510190787e+01
3.391449433466889207e+00
1.040366383063171973e+01
8.577533015956680273e+00
-1.076178570227819904e+02
3.317873619169028387e+01
-6.951397551165247712e+00
-2.000197231983887391e+01
-4.534363936067483536e+01
-3.047790672668446721e+00
5.196095616864814559e+01
1.700459905225970303e+01
-1.868847182586271316e+01
-5.794003940056710178e+01
-3.880943460119500088e+01
5.148645117759682677e+01
1.218801744737953108e+00
-4.426116672940286989e+00
-5.150562533847259061e+01
7.892883771350969369e+01
7.245165936510780114e+01
1.278023694065441305e+02
-4.856638326979997089e+01
1.472867619629833484e+02
-1.310593599516481866e+01
-7.129598430864500358e+01
-9.993330202270493956e+00
-2.077294204521032128e+01
-4.434062935861584265e+01
2.549335074309617255e+01
-3.522970060143192939e+01
3.948489766090336417e+01
-3.487813553452323845e+01
-4.078493104454061324e+01
4.019542263235253543e+00
1.487866522285176707e+01
7.258719561613366622e+00
-1.344166120255172814e+01
-6.228193000281127212e+01
-2.677080306982135838e+01
-2.955167168701833269e+00
2.354088084048840557e+01
9.046728736515734681e+01
6.391224844072244338e+01
1.248346261102307686e+01
4.784024624726470165e+00
-4.088714462659050497e+01
5.837385128083165853e+01
-1.052495790878663406e+01
-7.268660153163069992e+01
-2.701024534448878001e+01
-3.431801461641627782e+01
2.538035925245165103e+01
6.540585106205534771e+01
-1.818461430212758145e+01
-1.371514026998961455e+01
3.817532646908384208e+01
7.419310689862697927e+01
4.711664082314229773e+01
7.664462199259010333e+01
-1.270877811362507686e+02
1.155342655227511628e+01
-3.537092349314369955e+01
4.891951655973394253e+01
3.775648146320268239e+01
-1.074919451165790463e+02
5.410249714646042918e+01
4.870250836790624760e+01
-1.235387300279782075e+01
-9.396158217219610265e+01
2.184475966721830176e+01
-4.959415468336494826e+01
-1.496272997693385065e+01
2.749052755040995422e+01
-3.483780143535221185e+01
-9.478910175308218555e+00
-1.266088976047568480e+02
-4.634661223220268056e+01
-1.263736001006326148e+02
4.309248973994802157e+01
-5.286701471946455122e+00
4.218144869947681741e+01
-2.273279665780318837e+01
-4.582793913619714488e+01
-8.769138455214520889e+01
-3.631897263485413418e+01
-1.024714705987476151e+02
-8.233775322711358058e+01
-3.224600017032813071e+01
9.964191893502844621e+00
3.394230000786917145e+01
8.451493779122946748e+00
-1.707204468751661608e+01
3.108252168913285374e+01
-5.496043006461130886e+01
7.837260556535019873e+01
7.986527487756077903e+01
-6.480522651326158723e+01
-3.167762672671180013e+01
-3.462291014844679715e+00
5.789999478727183657e+01
2.235977186348785040e+01
-2.039352302327007394e+01
4.497851604372042544e+01
-5.156380314995946179e+01
-1.773300853641553942e+01
7.709735675753155704e+01
3.781345736881057462e+01
-2.277677656000853901e+01
3.883122677305630077e+01
-2.574005738616833128e+01
1.663483868120264164e+00
-4.177645904082062600e+01
2.995346021958693683e+01
-1.449937010412372729e+01
-1.900720950773092355e+01
9.477810411715071837e+01
-1.431188597766806625e+00
-4.006942908983624108e+01
-1.153961469939505520e+02
-1.759915510256483628e+01
4.704886632721573392e+01
1.809958483491098136e+01
-2.996791516099232666e+01
-7.604256991264671228e+01
-6.209666258884804613e+00
3.401732818922080526e+01
1.774439772503702883e+01
5.971817310998347494e+01
-3.307220252179682518e+01
5.872882729156751935e+01
-3.113721090249662993e+01
-5.131428417996009017e+01
-7.230034530810726778e+00
1.069762269422578100e+02
-7.608996897999450937e+01
1.836466937046242265e+01
-8.868395944579687296e+01
-6.370699690733203191e+00
1.121895926250866715e+01
4.894989656699225478e+00
3.269952207373603414e+01
1.314516727513194461e+01
4.291356027635068671e+01
6.022813504038193599e+01
-3.844064334589803789e+00
-4.257310813875127309e+01
-3.500316782948409866e+01
4.408426794024758522e+01
2.211260326087133876e+01
-1.387109465436657807e+01
3.182863037660942851e+01
-2.312291682634011636e+01
3.366446759715823589e+01
1.361237679282891477e+01
-1.120332723484496569e+02
1.778159142808846571e+00
8.566953618609060683e+00
-7.343613497920069566e-01
-4.918373902481420856e+01
1.223110498841659677e+02
1.534436947891679104e+01
-3.464556538368117344e+01
5.010051861750076796e+01
2.187008245706094201e+01
3.987570583543769587e+00
4.197723119492886923e+01
-4.369554158646774766e+01
-5.936694398740108625e+01
4.056215603565627248e+01
2.984501986564723541e+00
-3.591725726999310098e+01
-8.683377166136178005e+01
3.054167616957003517e+01
-3.908711245296985481e+01
5.179521687321380341e+01
7.458694817281299017e+00
3.259483593179574257e+01
-5.629010709255143041e+01
3.400805090403380149e+01
8.316092955570675826e+01
-1.426106808078111783e+02
1.088259262066644917e+00
2.025184578293687920e+01
-7.489664208250339072e+01
-7.015764665030458147e+00
1.426967387884975125e+01
7.360905691896552128e+01
-5.018092160396408730e+01
1.489202857109094325e+01
1.144448491518680981e+02
9.018327787247685023e+00
1.024203104348607951e+02
1.463149183357190175e+01
-5.767399453524338782e+01
-2.017953655913681033e+00
-5.821626571484347323e+01
-1.852510670431997575e+00
-1.412281284996332253e+01
-4.393098447676903362e+01
-1.757589551389350291e+01
-1.353458858609953630e+01
-4.559954197381269125e+01
-3.211710196027100750e+01
-3.564214619468472733e+01
-6.732817327798134954e+01
-5.545124537658041675e+01
6.973219345306875816e+00
-2.379835705936682899e+01
-4.084693118154203972e+01
-6.593799233687673222e+01
-6.550975104135606841e+01
-9.980164834293120180e+00
-1.272493450634307521e+02
-4.288059830179617649e+01
-2.357634166532129427e+01
4.308812089959783265e+01
9.569952030718690494e+00
1.783544479572122299e+01
-3.476363902688133578e+01
-7.624062487251942244e+00
