-2.104140285678866462e+00
-4.217924016099770057e+01
-1.962868909216770419e+01
-9.640059230036519011e+01
1.972550145931839438e+01
2.992016282211332623e+01
-5.338391538144442450e+01
6.531915618780965360e+01
-5.928391166308646376e+01
-2.807442401836728152e+01
7.222421811823755888e+01
-3.612485719265752238e+01
7.165743195105281416e+01
-6.624914541186896599e+01
6.183544049339639059e+01
5.315944765948182749e+01
5.897833108024204307e+01
-5.546293901677206151e+01
7.707074359863278801e+01
-9.770670112758377002e+01
-7.532060659720298190e+01
8.092352054699586006e+01
4.811068519719313485e+01
-9.037712805737700705e+01
-2.408478107309018412e+01
-9.501295984273964734e+01
3.342209307826257714e+01
4.079561444432894746e+01
1.781489888657115728e+01
7.814765236638524470e+01
-9.799793315588114240e+01
-7.479761844316215047e+01
9.633762349209786180e+01
9.913521883129953949e+01
6.886348292508077407e+01
5.119302601081164994e+01
7.387279970124703254e+01
9.592098863322650004e+01
3.496763294547378109e+01
8.821332465770549902e+01
7.209233844241961719e+01
-7.842071853528358361e+01
5.308999154776586238e+01
-6.466388221761010868e+01
1.738600009713525196e+01
-7.690587228302057099e+01
-6.471947710866473358e+01
9.537741491517968484e+01
-9.813959034864512887e+01
-5.273578391069695215e+01
-9.812612606121788872e+01
-5.406167968287440573e+01
2.592818813771604880e+01
-4.160396888936148230e+00
-9.425490926002173353e+01
8.191154949786024986e+01
-6.885309542304284491e+01
6.919967602009478469e+01
-8.078357741266044911e+01
-6.600560522184662204e+01
6.400668587189318259e+01
9.480102075758193791e+01
-2.159906666818756094e-01
-7.268967024800043930e+01
5.791168762993999053e+01
-6.244605932817455596e+01
-6.584521790739339053e+01
8.488079000787166706e+01
6.627273163884956375e+01
-1.551698863974073106e+01
7.843411980394509442e+01
7.441529032453993864e+01
-8.618373860415763943e+01
9.055436332400432775e+01
-4.005813033479845586e+01
5.471934219569152447e+01
-1.544771680561277094e+01
-9.551366825923410886e+01
6.691303874786973438e+01
-4.748739527014382844e+01
-9.748040791384767090e+01
-7.036374599100203397e+01
-3.185833733613230834e+01
7.196011297014669594e+01
7.058870967904269378e+00
-8.348439061494939040e+01
-9.876951241073194865e+01
-3.949550137867092303e+00
4.015034601978160822e+01
-5.998203468635736613e+00
4.288975017386835020e+01
-5.360852619102760741e+01
-4.776551658576853043e+01
6.729578535985694998e+01
-4.047638120555219388e+01
-2.422911060586375243e+01
-1.747746935540757818e+01
5.262179025651226993e+01
-3.723608660874641885e+01
7.228354379263356577e+01
6.112496600506753452e+01
-7.443635049264571535e+01
-8.463472320291242568e+01
1.403513210657555987e+01
7.520344478602797267e+01
1.805443118835216865e+01
-2.416536559613456348e+01
2.200482220970869207e+01
1.973188331215062874e+01
-5.696545086848183814e+01
7.870280165520591709e+01
4.568115428914956055e+01
5.829357036016892835e+01
1.891825742700797264e+01
-6.732864325652514026e+01
-8.808801109731913925e+01
-1.533508979868827282e+01
-2.573112153045578054e+01
5.997886929551123103e+01
-3.041445952971821498e+01
3.023142850791217029e+01
-2.313051050370691542e+01
-5.689476190069908768e+01
9.773859352957771307e+01
-9.028327856568358811e+01
-5.527960156669480085e+01
4.807589047651967462e+01
2.818071385556572750e+01
1.130669237534263516e+01
-2.541946799970136794e+01
-2.361022504215041806e+01
5.625602888184971562e+01
-1.089859024164454127e+00
4.906808807188630794e+01
3.070900490044758158e+01
3.995478452275540349e+01
3.023590774091223921e+01
5.472935970800378414e+01
9.024483102165049786e+01
-1.364084397147189520e+01
-8.289961166920795677e+01
-7.069376667932323244e+01
-9.197986883486007059e+01
1.513193622859409970e+01
2.933395965447701315e+01
-9.776220174435601962e+01
6.642692686083577769e+01
6.009800882378530673e+01
6.875644788663649365e+01
-1.196403275778675379e+01
2.632295835922668914e+01
6.662366924722113026e+01
7.032608862420920559e+01
-5.281871139654494840e+01
-9.398604564690329255e+01
-8.525827901480711546e+01
-5.541395740164134764e+01
8.403051106928549530e+01
6.587500574996457203e+01
-5.613632128114374353e+01
-6.322309988295997840e+01
-4.891924683292641163e+01
6.871415446510565062e+01
-8.142536767493965044e+00
-4.819154829005818641e+01
-4.126373528275333058e+01
-7.197275491777318734e+01
-4.539252311361177306e+01
3.870044446004533256e+01
-4.803779021745726396e+01
-1.182092883604374833e+01
8.106287164336967521e+01
8.411044270227478137e+00
1.777849374676175387e+01
8.890549069077027866e+01
-1.788087184112075079e+01
8.198428544965099718e+01
-7.602166588428843852e+00
-7.286243683246883052e+01
3.901690919602853569e+01
1.744184722964850209e+01
-8.943555861448888322e+01
-5.974326664615112747e+01
-6.016504931093757591e+01
-3.267244782078289234e+01
9.482770585529902974e+01
-4.934880238505932226e+01
9.900319834884382431e+01
-8.154325731777205988e+00
1.350410151898491051e+01
1.634213064518709757e+01
-5.890506356185585446e+01
-3.832587949748407397e+01
6.842019217309399437e+01
9.212776190643160135e+01
-1.489281706161868613e+01
-9.748049360335400593e+01
-6.465205469480707734e+01
-3.585204792259624185e+01
8.889328857141555318e+01
7.911883587296770770e+00
-1.595966804495294866e+01
-8.918154263610729515e+01
-6.520082534709234778e+01
8.535303365780498552e+01
5.358819279266754165e+01
-8.669337497414593940e+01
9.962195781340176381e+01
6.209618561449025265e+01
7.047095289001043739e+01
-1.017941713801310755e+01
-4.955587535408585609e+01
-5.141752894849598476e+01
-2.499849898295674677e+01
-1.533669251054010374e+01
-5.216786349280357626e+01
-6.410197108453922965e+01
7.188995733474754957e+01
-5.489998045158579743e+01
3.700470450109449416e+01
-7.097783523606142353e+01
2.661389479659474944e+01
3.374154401304835460e+00
-3.947777428054995141e+01
2.352163641185742904e+01
-3.337926032190152625e+01
-8.149849416408841307e+01
7.886039620502748448e+01
5.462513492792510306e+01
9.726910519339020311e+01
-4.162822284855225519e+01
-2.761157406240370449e+01
2.139378291943003774e+01
4.479098104270167369e+01
-9.945158680118801442e+01
-3.161919104674500147e+01
-9.201632777754275594e+01
-7.941500805460105994e+01
-3.101412794930959649e+01
4.283493755310675510e+01
1.215541615120301344e+00
-6.072544291879840017e+01
-8.774733620637024956e+01
-6.684907709305031176e+01
-1.015095767834296225e+00
2.914865423370875419e+01
8.317545356300416870e+01
-9.044973533420387923e+01
2.919753975659062917e+00
5.137109990156045569e+01
4.912687051340023459e+01
-7.122223351942913894e+01
-2.071821618754805172e+01
-1.658705038262699816e+01
-9.721197633080231526e+01
-4.260384227342577645e+01
-8.651601995817748048e+01
-3.323208323494539229e+01
3.049690064969001924e+01
5.906302036463259242e+01
9.580004036453166805e+01
-7.799165235091240334e+01
-7.585944843533205528e+01
-4.149484119828339601e+01
2.342918794739773602e+00
8.383854592309504028e+01
-9.519552482823290518e+01
3.204883806438837723e+01
-3.824601402775272163e+00
7.773649393314443046e+01
4.278940971778516200e+01
-4.563269521548958352e+01
-4.823224581394762822e+01
3.308329064761164773e+01
-2.431689466459022242e+01
-2.107588438683691834e+01
-3.166455305349455784e+01
7.538710014278581184e+01
8.940894039065867105e+01
9.541902588202901825e+01
-9.491151475784036506e+01
-3.260376947677214332e+01
-3.813239399381991035e+01
4.927299970066258084e+01
5.436275381539991258e+01
6.234024511673453617e+01
5.266482233770349808e+01
-4.001259314855973770e+01
5.921083174081729794e+01
-6.281796390633993354e+01
-2.400052084652644169e+01
-7.841506406651031114e+01
5.705341514556749871e-01
8.725975319445723244e+01
-4.472045875746431420e+00
5.732707681632433605e+01
5.083664712482482173e+01
-6.107050968210246111e+01
8.398902546561606641e+01
9.833346869888663377e+01
-1.956504175307347282e+01
7.242879786199597447e+01
-3.571560168292847948e+00
-7.055212905637596066e+01
-5.198810696619975147e+01
3.996026969165146170e+01
-1.863169820799743093e+01
-4.325358763949218854e+01
-3.278305121415030499e+00
5.393293170365097922e+01
5.034596118060864001e+01
1.259548525967258570e+01
-7.067604797098286440e+01
5.716615109822245699e+01
-9.911876050158494422e+01
-9.921992768036203358e+01
-8.557521176919573236e+01
-9.540681624735407240e+01
9.265741867646499941e+01
-3.326237440957535796e+01
3.973198509793058975e+01
-5.762649428823159070e+01
-8.255580324062580644e+01
-8.388630988544139200e+01
-9.293407081502056144e+01
-4.981960662174056154e+01
3.516615263588033713e+01
1.818444567606096030e+01
7.015869340461449610e+01
6.875171596205825608e+01
4.516385792353864304e+01
-2.412183602546159022e+01
3.676625856043060026e+01
4.553914533896372063e+01
-1.615673530478740361e+01
8.274030886026662301e+01
-9.262114386104074981e+01
8.818485945334296616e+01
-2.851754319461072384e+01
-8.738699375032452110e+01
-9.993647208380301095e+01
-4.994022235334236370e+01
-2.305237991897681127e+01
3.802991115357750118e+01
-6.785708607360760425e+01
3.746271429418692378e+01
-7.436062724754563646e+01
-5.222601243978970587e+01
-6.847996219012381403e+01
-6.494966544728318070e+01
-1.423567317493225914e+01
8.564311905686452064e+01
9.980180704374393486e+01
-8.338602888167518756e+01
1.421975153685963278e+00
1.767637471585689468e+01
-3.327112223185579865e+01
3.287826394029508492e+01
5.228171754940063920e+01
4.852970123828526994e+00
-4.239794179263023466e+01
4.819285421033001171e+01
-4.917287429776551022e+01
8.234548996479657035e+01
-9.416217665192388608e+01
6.633082801757288394e+01
-5.420043477078153416e+01
-9.467434102281464448e+01
-6.472160003980434340e+01
6.128197126225097691e+01
-9.122295099876080826e+01
-4.209218495885935596e+01
-9.088138599963291142e+01
-6.938344485018927799e+01
-5.049704148984572782e+01
-4.313701628668937360e+00
-1.101528700287029494e+01
2.453871478240927217e+01
6.462772425014392752e+01
-9.131774631720004720e+01
7.810182130319392968e+01
4.086774218321258445e+01
-3.011600161558831701e+00
2.675896718016279863e+01
8.531660513700916226e+01
8.138759382200541381e+01
-2.744237550080642052e+01
-5.084890906469241401e+01
-8.614796674409072352e+01
1.025536214745994812e+01
-8.074982664723950165e+01
9.900049120398642799e+01
-8.413486924335622064e+01
-5.351148133539938101e+01
9.536259589554643412e+01
4.728261241920742464e+01
3.927316405959061285e+01
6.468585485556874914e+01
7.221664253779550791e+01
-5.283599220313816858e+01
8.358424361097388555e+01
-7.364709954265866543e+01
-8.646696187601882855e+01
9.301742756277758417e+01
-4.478877222609241926e+00
8.249887985306148153e+01
2.672129323823604352e+01
5.333697993192595277e+01
-2.175602446357258657e+01
7.875704720816014515e+01
3.720231880428332261e+01
-1.020255919814223944e+01
7.925830904390448950e+01
-6.193099649776074500e+01
-3.879300617674663698e+01
8.319120313239542952e+01
1.619993217362821269e+01
6.426801182330916618e+01
-8.884355781744879721e+01
-1.112988174327649915e+01
1.447731534745622639e+01
-3.105641115707098265e+01
5.955947176451081759e+01
6.503232243846571237e+01
9.222015875307621968e+01
6.597354520552056556e+01
3.255969447492091717e+00
-4.165177312717063529e+01
-4.401753966629659942e+01
7.663733278602222754e+01
-6.381401574435674462e+01
1.611045127159947299e+01
3.084902998058637991e+00
-4.265118904559616908e+01
4.938404949645462239e+01
1.009915774895753771e+01
-4.084838852911089901e+01
1.331084826708048752e+01
4.988548998568987258e+01
-9.086143770161541511e+01
3.054943863993671016e+00
6.892037994766533870e+01
-5.614097658956021064e+01
-2.735022623405359354e+01
1.180806021478450418e+01
4.517516765746907481e+01
7.790965386053051134e+01
-5.228806519475728010e+01
7.839076456090458578e+01
9.184038431997575458e+01
-6.089049743742318554e+01
-5.081997231375934376e+01
-9.707573385534209365e+01
-2.331126718132455267e+01
-1.142324761497792451e+01
2.080763842401367469e+01
-2.373649463725496389e+01
5.688754262367615411e+01
6.727735041779479275e+01
3.579987003576303550e+01
-2.773018896110457376e+01
5.667686571880642532e+01
9.897269165493250398e+01
4.921608198999223305e+01
6.740437787035057227e+01
-8.483476256729613851e+01
-9.018104295560274863e+01
-9.814494473268567276e+01
9.607912544804108279e+00
-6.005832754906723636e+01
5.844357550092684050e+01
9.378556338562984251e+01
6.452690896501451334e+00
9.779829987464637497e+01
6.350646549973555466e+01
7.255639932325703967e+01
-9.306315369469703569e+01
2.167744851395303840e+01
7.547760787705698249e+01
4.466789756066009431e+01
5.912260013612103648e+01
9.299642505535834403e+01
9.276199599776745686e+01
-1.752482871796290453e+01
4.538783000751536179e+01
-8.574679156604841523e+01
8.857142808061001915e+01
-8.797897754490389843e+01
5.738816257981551416e+01
9.756691999201507315e+00
1.512549091660551426e+01
2.927038800780343308e+01
-8.117935063764451797e+01
1.826056535642833012e+01
3.943159421693542299e+01
-3.341759214742366169e+01
1.027119732368402083e+01
4.645533479537851917e+01
-3.247842191751321650e+01
-3.729220688659291483e+01
2.521516585592431170e+01
-1.463450596413579774e+00
-7.415249490664710663e+01
9.342524076753412032e+01
9.754420822061146623e+01
-2.306871137775831926e+01
4.218167721240794776e+01
-8.017295053500524205e+01
2.796889020888325206e+01
5.631755805172284113e+01
-9.569569336469447762e+01
-7.570390757712964103e+01
6.441440951280776517e+01
-7.918942055378626321e+01
-2.996774461183815674e+01
3.284322381802132895e+01
-7.705890237154726208e+01
-7.800630816482367891e+00
2.122929258837373823e+01
8.596182218834451305e+01
2.515689570839430189e+01
-2.966350180874496800e+01
8.707701187549074007e+01
3.328963309078108068e+01
2.962445223827816676e+01
-2.858405543240967006e+01
6.794350515454348738e+01
-3.667540360755867823e+01
5.346333738669002855e+01
9.896769065863105652e+01
-9.474480724825724565e-01
1.369984354986866038e+01
-7.350679299691034885e+01
-7.420953816785321067e+01
8.206759441206574479e+01
-7.847717295475528942e+01
5.672038869453615462e+01
-4.180915747298048757e+01
-6.531252717817442033e+01
6.338281771893434779e+00
5.785391528112930359e+01
-6.182888362430944795e+01
-2.364823302010634620e+01
-5.581973103883841247e+01
-7.489645384919455751e+01
-9.952278091190717646e+01
-5.871626925113986317e+00
7.024161973763239075e+01
4.788413846369579119e+01
-9.643971746246724308e+01
7.814650317264016621e+01
-7.679826698693102571e+01
5.745624695043224506e+01
9.310385676668497013e+01
-5.532658651939963335e+01
-4.955047769085369680e+01
2.194502157433599621e+01
3.959958298530318643e+01
-6.743478299306573831e+01
6.747699046358064834e+00
4.717188715525816178e+01
1.865832194803951438e+01
2.959105923257774862e+01
6.193129272379292161e+01
4.022076719428008573e+01
9.913384067601560901e+01
3.532789615716316689e+01
7.894674911574344378e+01
-6.586954256430871624e+00
-1.682178024954087903e+01
2.665808835894200968e+01
-2.636522238139150431e+00
9.671552430827489388e+00
5.697760468001277445e+00
2.575987426172407879e+01
7.037033931604409531e+01
-6.966175196527844093e+01
7.435033860564536212e+01
-3.043963499628912928e+01
-2.816716640613105938e+01
2.032907586624661178e+01
6.356321941123451325e+01
-3.508868850230966530e+01
-5.029720081759265327e+00
3.793390414033694924e-01
-1.623918620244349142e+01
-5.483636355957264641e+01
-1.027851478146928343e+01
4.291225981884863927e+01
5.153361177209274047e+01
-3.709963804738167426e+01
1.844737767048225408e+01
-8.588991782735861591e+01
-6.561422778585514948e+01
-8.816811692714344417e+01
7.117375173729689664e+01
-6.423727234343499504e+01
1.269490088495058444e+01
-2.711003683231399464e+01
3.844024865322654705e+01
-1.920741442011077993e+01
9.113249680949354570e+01
2.910536706231337689e+01
-4.139104371218922296e+01
-8.314578625784925237e+01
4.818174680137411769e+01
4.593838936551571805e+01
6.983198332713203627e+01
-1.463439244361448743e+01
-2.787574964921513754e+01
-3.209085172003882747e+01
-5.394456541784902015e+01
4.079464869365247637e+01
-2.321895487518479229e+01
-8.154068264888279316e+01
-5.921570947347982639e+01
-4.444748238357230008e+01
-7.550649923767653604e+01
7.085937815321386779e+01
-4.739731165672533564e+01
-7.195014929117891711e+01
-3.998319861025829880e+01
-1.331106032166719899e+01
-1.916170006592874131e+01
-8.434263613142655913e+01
9.624535183085620815e+01
2.147988241022827083e+01
-8.984462540169100464e+01
8.926446191003267927e+01
-1.572848923000542243e+01
-1.293796466692715796e+01
-2.962210157163521274e+01
-3.690894289121287386e+01
-7.280047030391713747e+01
4.338262484151664466e+01
3.144358013927143247e+01
-8.931810077146525373e+01
-8.583282836461016529e+01
8.755791890805812727e+01
2.798477772498692673e+01
5.452189213171791948e+01
3.508165700274230403e+01
2.018891147836482958e+01
-6.587455240313870775e+01
8.941659607267112619e+01
7.135079775597702678e+01
-2.294335651697483058e+01
-3.311312160092882095e+00
-6.958790740931506491e+01
7.780866900474930503e+01
2.705443980696983886e+01
-6.958187423389014725e+01
2.194111943315397184e+01
-3.000087705673439586e+01
5.584459108330165122e+00
-1.571351828258136152e+01
-4.559761861311155684e+01
-5.317189980619873779e+01
5.409224426151567400e+01
6.405934381955077583e+01
2.318945641099503518e-01
9.611181651102398860e+01
-2.774544523842068600e+01
5.598564655060710038e+01
-5.205527834534275655e+01
2.332418375838724955e+01
-2.279774540967083851e+01
4.478407107841240986e+01
5.317769756781956403e+00
-7.579185707918085768e+01
2.279982778639701735e+01
1.373795203113715502e+00
4.195546226130943523e+00
-2.374998014005996083e+01
9.858106652657912150e+01
-1.178817758992505560e+01
1.152549174810191346e+01
-7.397766036526468270e+01
-1.994249381796031173e+01
8.357391912199292960e+01
-2.115082811818167841e+01
5.788221369103746383e+01
-5.363530759102885526e+01
9.867190719183699343e+01
-5.204361257971632426e+01
-6.475730862626498663e+01
4.944347525799787491e+01
6.463710049596670615e+01
-4.990082390975609883e+01
1.467947748991502976e+01
-8.111054187437491692e+01
-6.131912876189862516e+01
-8.372384844111329016e+01
-7.623540144001282215e+01
-5.774447068757271495e+01
4.935667218807111567e+00
-5.761115297862076545e+00
8.597847634129641392e+01
-7.612801747552511245e+01
-4.391232154213513184e+01
6.452744496067924729e+01
8.581935179038106298e+01
-9.133233055417140633e+01
5.035487200453562195e+01
-1.224063220118341633e+01
-4.012885593568839937e+01
-3.733958826927889874e+01
-9.409105349461526657e+01
6.140350396418014611e+01
-4.341617155224426483e+01
8.520348406812749431e+01
-1.907246959874488823e+01
3.271020212732503296e+01
-3.571169864833503027e+01
4.753268614377719814e+01
-3.287637365767601239e+01
2.180730523442122148e+00
7.535386887525262978e+00
4.537038060543963525e+01
2.454648201899318849e+01
-2.234749023228488340e+00
-2.918160967796833916e+01
-2.308026826955280342e+01
2.733149140384144005e+01
-8.321105142868113091e+01
9.307386982431876277e+01
-4.083478659749515316e+01
7.364633089746817518e+01
-3.873631812419169052e+01
2.447464628051010038e+01
-4.106514209334153520e+01
-4.392516175015038016e+01
-2.029363007743774006e+01
-6.546173560481727804e+01
8.908044799708781625e+01
1.188802693089769491e+01
-1.811348423173768651e+01
1.262627990728788063e+00
4.996456899666895879e+00
-3.463201417710639873e+01
-6.126717030459857938e+00
1.775958028745129980e+01
-1.094198395456002970e+01
9.592640889788930281e+01
-2.422318904990422084e+01
6.198741087703419339e+01
5.294956203346080770e+01
4.266988556173873803e+01
-3.900073983694871771e+01
-6.415484869858948969e+01
5.970003111719412914e+01
4.508714900385982105e+00
-6.126258899113867784e+01
-5.108787994638284147e+01
-6.112656963471374638e+01
-5.621545505239799922e+01
-7.679147639694167538e+01
-1.062489095716495058e+01
4.205457641273571312e+01
8.767716725660002908e+01
1.420245996939331690e+01
-7.233854222781528165e+01
2.797762270591033484e+01
-9.242306673231122716e+01
-5.938986619722543736e+01
-7.493533378907977749e+01
8.010907970594379890e+01
8.347428973407147623e+01
-2.740425118471345911e+01
2.711090941063054061e+01
-6.468178526785891336e+00
-5.336340223306044095e+01
2.264692687171570640e+01
5.891763277576546898e+01
6.648517851044914551e+01
4.394511475034690307e+00
9.446265713429446009e+01
4.124061985776450001e+01
8.774318605508946689e+01
-1.178491482881425156e+01
8.827304104020547015e+01
-2.791835024281277811e+01
-5.837997267192109518e+01
3.399334142423020921e+01
-1.399499126307395613e+01
9.135854895584932933e+01
-8.661483325370009823e+01
9.473551838533578007e+01
-1.024195032344776735e+01
-6.872273549332047082e+01
-6.871188476883517637e+01
-4.732310196697748950e+01
7.237648865225381201e+01
9.313383035530142706e+01
-9.926452628309306192e+01
-2.013438691142074788e+01
-2.541542012557651731e+01
-9.703572266804954438e+01
3.191243638884108691e+01
-4.508776749301881637e+01
-7.584208469360500260e+01
-6.301308592730108415e+01
1.307726747852041171e+01
-3.604355814236181743e+01
8.874434865945636375e+01
-8.728459872596624791e+01
3.102446987327604688e+01
2.752462303451174819e+01
3.799644563625318483e+01
-6.915455680548220130e+01
9.853764298133825150e+00
1.122199703248712410e+01
-3.087704508887654242e+01
-3.392089646499807998e+01
-2.726333957378498951e+01
-1.890157506730783155e+01
1.503801553063021856e+01
4.262709011249754099e+01
-4.044031811423511868e+01
-6.563964780653461162e+01
-3.202550370991914974e+01
-6.269432368818124246e+01
9.342595772602876991e+01
2.860072266527740226e+01
-8.598950049482689906e+01
-9.474437968099532270e+01
-6.564482255352221785e+01
-3.341670145117761592e+01
5.166693696541668146e+01
4.328426416578565750e+01
2.961971933221701647e+01
-7.286158888551248936e+01
7.035283096386152124e+00
2.313415234489606576e+01
-4.351696279627916653e+01
-3.632655075520418109e+00
9.692082582901952037e+01
-2.604988764183160299e+01
-9.038284360613761237e+01
-5.506229050792114776e+00
-2.254413682251946227e+01
3.195212020986124912e+01
7.600517287822412982e+01
8.191500906436709784e+01
9.756854593715681290e+01
2.767440328955260043e+01
-4.853609344133356274e+01
-3.209752920076044802e+01
3.159755768124134079e+01
7.923326780406137004e+01
-2.083817678141855367e+00
-7.241760714868934201e+01
-7.752900878441727173e+01
-3.761093232681016474e+01
-6.239092811808038164e+01
2.686587570711573392e+01
3.145900242157361504e+01
8.162977817217989696e+01
9.804637782098245680e+01
-9.086017376711512838e+01
-7.285709400202664199e+01
-6.525215310265872404e+01
1.316964371671049605e+01
8.498009193861747690e+01
-6.782665225270427811e+01
-8.974403603746145563e+01
-8.749742344825779128e+01
6.725382088965162097e+01
-6.979928593259332104e+01
-9.474605559334057148e+01
-4.256666824405087368e+00
-1.266993071179953745e+01
-1.070083467323257764e+01
8.823670534700326584e+01
1.060312464460606918e+01
1.457533684981754618e+00
-8.278572780277136189e+01
-7.514303331832451249e+00
-1.971252700421604231e+01
1.623443609609014970e+01
5.839406503134335935e+01
7.318104828553586572e+01
7.762490988093063038e+01
9.354035171067386045e+01
-3.116134780382641623e+01
9.730043797630131053e+01
7.742615997607947520e+01
5.618839376788454842e+01
8.386208439742054566e+01
4.054484900012687376e+01
-8.578424197347958113e+01
-9.793950323750962639e+00
5.794494486344905226e+01
3.572950937145583339e+01
3.404091641395220336e+01
3.841191279460562669e+01
-3.702626020132811391e+00
4.674901115739365309e+01
3.702506587687938122e+01
1.274582719308128276e+01
4.725220934452255506e+01
8.231194545522549788e+01
4.302254169660989191e+01
-3.203781118175288611e+01
-9.449154252524330388e+01
9.052103037871881952e+01
-6.938236412912199569e+01
-4.829958306842077320e+01
-7.086908313212509825e+01
-2.137430514038139506e+01
-6.639555267193368593e+01
-9.227265921751390465e+01
3.587982469546992093e+01
-7.476294585899935896e+01
2.554826889090975328e+01
4.850518684248729073e+01
-9.069647886662765757e+01
9.332804084135418066e+00
-7.320981175384409312e+01
-4.029435840268924807e+01
-7.500824526522876567e+00
9.549667968328347456e+01
-5.709282741541965578e+01
5.293236314446588153e+01
-6.895342000336970045e+01
-8.474685569625775372e+01
4.302178757271911991e+01
5.248612690053448659e+01
-6.520544517571886445e+01
-5.290268990485333944e+01
5.638248193360954019e+01
-9.252285985721673001e+01
-7.722629583267121234e+01
5.066723510262568198e+01
-5.524316311606480667e+01
4.485795568646580023e+01
2.169661680704160744e+01
7.625905835461963989e+01
-5.249244617282428749e+00
-3.258843546916583023e+01
2.649405453605453431e+01
7.750622162462659048e+01
8.490891132145449660e+00
-2.798717544277582192e+01
7.903290760810918414e+01
2.271110578151558457e+01
-2.347177262285890720e+01
3.421494062595468222e+01
-8.146864360793688320e+01
-1.262735759459194185e+01
-5.034515617762134099e+01
-5.724450488688936645e+01
1.494685263069332848e+01
-1.182234422527253059e+01
1.742055687982400514e+01
-2.748935093434749888e+01
8.637326381263372355e+01
-6.400248523096168185e+01
-2.879924129316017911e+01
-5.836614305126504121e+01
-1.435431744270465515e+01
-1.015605190063293151e+01
6.729244463926008279e+01
9.063965265828335305e+01
9.188020182228581234e+01
5.507491824300771555e+01
7.819835393171962323e+01
-3.268184040090011422e+01
3.728823515540111089e+01
3.464999947713096162e+01
7.686192890764084495e+01
5.463558819180568094e+01
-7.869434534210327570e+01
-7.347880716513537891e+01
-2.299944209155697195e+01
5.388112636550278012e+01
-2.189669190655656905e+01
4.659407583336633252e+01
8.325872594075659094e+01
8.519502525816321281e+00
-7.778716761677733871e+01
-9.938311583721291242e+01
-3.391262167809527739e+01
-1.603938511401450739e+01
-9.079814215287684931e+01
-2.516478624915646378e+01
3.581128766078006720e+01
-6.584621466191278216e+01
8.832549186469859137e+01
-3.592218099155502387e+00
2.065878391187254692e+00
-3.529367279457900963e+00
-8.294733915092875520e+01
5.798934476403621829e+01
-1.585261796341063700e+01
-5.409295336330506387e+01
-9.840139928861282215e+01
-9.976115263009594969e+01
-9.504569399812919528e+01
-4.055837828137413226e+00
